# Created by Octave 4.2.2, Sat Jan 16 16:42:55 2021 CET <svb_1998@SVB-PC>
# name: err_mat
# type: matrix
# rows: 0
# columns: 0


