# Created by Octave 5.2.0, Mon Jan 11 01:02:04 2021 CET <carloscobas@pop-os>
# name: err_mat
# type: matrix
# rows: 49
# columns: 12
 1e-05 1 1 69.55 0.0001 1 1 69.4 0.001 1 1 69.38
 1e-05 1 2 72.1 0.0001 1 2 71.57 0.001 1 2 73.63
 1e-05 1 5 74.9 0.0001 1 5 75.25 0.001 1 5 74.67
 1e-05 1 10 77.2 0.0001 1 10 78.37 0.001 1 10 76.05
 1e-05 1 20 78.47 0.0001 1 20 78.03 0.001 1 20 77.13
 1e-05 1 50 76.07 0.0001 1 50 75.92 0.001 1 50 76.85
 1e-05 1 100 75.82 0.0001 1 100 76.17 0.001 1 100 76.25
 1e-05 2 1 55.48 0.0001 2 1 55.03 0.001 2 1 55.52
 1e-05 2 2 57.05 0.0001 2 2 59.4 0.001 2 2 60.27
 1e-05 2 5 58.47 0.0001 2 5 60.38 0.001 2 5 60.92
 1e-05 2 10 60.9 0.0001 2 10 61.2 0.001 2 10 63.47
 1e-05 2 20 62.82 0.0001 2 20 62.65 0.001 2 20 67.18
 1e-05 2 50 64.05 0.0001 2 50 63.92 0.001 2 50 69.3
 1e-05 2 100 62.75 0.0001 2 100 64.25 0.001 2 100 67.68
 1e-05 5 1 29.88 0.0001 5 1 28.33 0.001 5 1 28.53
 1e-05 5 2 29.27 0.0001 5 2 27.73 0.001 5 2 28.08
 1e-05 5 5 28.17 0.0001 5 5 28.68 0.001 5 5 30.48
 1e-05 5 10 29.13 0.0001 5 10 29.55 0.001 5 10 31.25
 1e-05 5 20 29.13 0.0001 5 20 32.08 0.001 5 20 33.55
 1e-05 5 50 29.38 0.0001 5 50 31.38 0.001 5 50 36.2
 1e-05 5 100 29.47 0.0001 5 100 31 0.001 5 100 36.5
 1e-05 10 1 14.93 0.0001 10 1 11.82 0.001 10 1 12.27
 1e-05 10 2 13.37 0.0001 10 2 10.55 0.001 10 2 11.82
 1e-05 10 5 11.52 0.0001 10 5 9.783 0.001 10 5 10.57
 1e-05 10 10 10.82 0.0001 10 10 9.133 0.001 10 10 10.2
 1e-05 10 20 9.967 0.0001 10 20 8.917 0.001 10 20 10.93
 1e-05 10 50 9.133 0.0001 10 50 7.783 0.001 10 50 9.317
 1e-05 10 100 8.583 0.0001 10 100 7.667 0.001 10 100 9.9
 1e-05 20 1 8.483 0.0001 20 1 6.167 0.001 20 1 6.7
 1e-05 20 2 7.367 0.0001 20 2 5.35 0.001 20 2 6.1
 1e-05 20 5 5.533 0.0001 20 5 4.35 0.001 20 5 5.25
 1e-05 20 10 5.433 0.0001 20 10 4.183 0.001 20 10 4.417
 1e-05 20 20 4.917 0.0001 20 20 3.617 0.001 20 20 4.367
 1e-05 20 50 4.183 0.0001 20 50 3.217 0.001 20 50 4.183
 1e-05 20 100 3.533 0.0001 20 100 2.517 0.001 20 100 3.967
 1e-05 50 1 6.567 0.0001 50 1 4.683 0.001 50 1 5.683
 1e-05 50 2 5.683 0.0001 50 2 3.8 0.001 50 2 5.267
 1e-05 50 5 4.617 0.0001 50 5 3.1 0.001 50 5 4.533
 1e-05 50 10 3.917 0.0001 50 10 2.6 0.001 50 10 3.3
 1e-05 50 20 3.517 0.0001 50 20 2.333 0.001 50 20 3.35
 1e-05 50 50 2.45 0.0001 50 50 1.833 0.001 50 50 2.9
 1e-05 50 100 2.5 0.0001 50 100 1.667 0.001 50 100 3.383
 1e-05 100 1 6.467 0.0001 100 1 4.267 0.001 100 1 5.617
 1e-05 100 2 5.4 0.0001 100 2 3.583 0.001 100 2 5.283
 1e-05 100 5 4.4 0.0001 100 5 2.967 0.001 100 5 4.283
 1e-05 100 10 3.767 0.0001 100 10 2.517 0.001 100 10 3.367
 1e-05 100 20 3.183 0.0001 100 20 2.15 0.001 100 20 3.433
 1e-05 100 50 2.233 0.0001 100 50 1.6 0.001 100 50 3.517
 1e-05 100 100 2.333 0.0001 100 100 1.85 0.001 100 100 3.383


