# Created by Octave 5.2.0, Sat Jan 16 17:21:59 2021 CET <carloscobas@pop-os>
# name: err_mat
# type: matrix
# rows: 1
# columns: 4
 0.0001 100 50 1.92


