# Created by Octave 5.2.0, Mon Jan 11 10:34:21 2021 CET <carloscobas@pop-os>
# name: err_mat
# type: matrix
# rows: 1
# columns: 4
 0.0001 100 50 1.92


