# Created by Octave 5.2.0, Fri Jan 15 19:41:42 2021 CET <carloscobas@pop-os>
# name: err_mat
# type: matrix
# rows: 3
# columns: 6
 1 1 1 92.07 1.253 0.8552
 1 1 2 98.05 0.3073 0.9633
 1 1 3 97.88 0.3382 0.9596


