# Created by Octave 5.2.0, Sat Jan 16 02:08:45 2021 CET <carloscobas@pop-os>
# name: err_mat
# type: matrix
# rows: 3
# columns: 6
 1 100 1 86.25 2.058 0.7723
 1 100 2 98.05 0.3073 0.9633
 1 100 3 97.88 0.3382 0.9596


