# Created by Octave 5.2.0, Sat Jan 16 14:20:58 2021 CET <carloscobas@pop-os>
# name: err_mat
# type: matrix
# rows: 1
# columns: 9
 10 20 9.967 20 20 6.817 30 20 5.317


