# Created by Octave 4.2.2, Sat Jan 16 17:18:05 2021 CET <svb_1998@SVB-PC>
# name: err_mat
# type: matrix
# rows: 1
# columns: 6
 1 1 2 98.05 0.387 0.9545


