# Created by Octave 5.2.0, Sat Jan 16 11:35:05 2021 CET <carloscobas@pop-os>
# name: err_mat
# type: matrix
# rows: 1
# columns: 6
 1 1 2 98.05 0.387 0.9545


