# Created by Octave 5.2.0, Fri Jan 15 19:16:02 2021 CET <carloscobas@pop-os>
# name: err_mat
# type: matrix
# rows: 1
# columns: 6
 1 1 2 98.05 0.3073 0.9633


