# Created by Octave 5.2.0, Wed Jan 13 15:30:28 2021 CET <carloscobas@pop-os>
# name: err_mat
# type: matrix
# rows: 12
# columns: 6
 1 1 1 97.88 0.3382 0.9596
 1 1 2 97.88 0.3382 0.9596
 1 1 3 97.88 0.3382 0.9596
 1 10 1 97.88 0.3382 0.9596
 1 10 2 97.88 0.3382 0.9596
 1 10 3 97.88 0.3382 0.9596
 1 100 1 97.88 0.3382 0.9596
 1 100 2 97.88 0.3382 0.9596
 1 100 3 97.88 0.3382 0.9596
 1 1000 1 97.88 0.3382 0.9596
 1 1000 2 97.88 0.3382 0.9596
 1 1000 3 97.88 0.3382 0.9596


