# Created by Octave 5.2.0, Sat Jan 16 17:34:40 2021 CET <carloscobas@pop-os>
# name: err_mat
# type: matrix
# rows: 1
# columns: 3
 30 20 4.97


