# Created by Octave 4.2.2, Sat Jan 16 12:40:30 2021 CET <svb_1998@SVB-PC>
# name: err_mat
# type: scalar
3.9


