# Created by Octave 4.2.2, Sat Jan 16 12:41:30 2021 CET <svb_1998@SVB-PC>
# name: err_mat
# type: matrix
# rows: 3
# columns: 1
 13
 11
 5


