# Created by Octave 4.2.2, Sat Jan 16 12:14:38 2021 CET <svb_1998@SVB-PC>
# name: err_mat
# type: matrix
# rows: 3
# columns: 101
 38 100 38 38 100 100 38 100 38 38 38 100 38 100 100 38 38 38 38 100 38 100 100 100 100 100 100 100 100 100 100 100 100 100 38 100 38 38 100 38 38 100 100 38 38 38 100 38 38 100 100 100 100 100 100 38 100 100 100 100 38 38 38 38 100 38 38 38 100 38 100 38 38 38 100 100 100 100 100 100 38 100 38 38 100 38 100 100 100 100 100 100 100 38 100 100 100 100 38 100 1
 36 100 36 36 100 100 36 100 36 36 36 100 36 100 100 36 36 36 36 100 36 100 100 100 100 100 100 100 100 100 100 100 100 100 36 100 36 36 100 36 36 100 100 36 36 36 100 36 36 100 100 100 100 100 100 36 100 100 100 100 36 36 36 36 100 36 36 36 100 36 100 36 36 36 100 100 100 100 100 100 36 100 36 36 100 36 100 100 100 100 100 100 100 36 100 100 100 100 36 100 2
 44 100 44 44 100 100 44 100 44 44 44 100 44 100 100 44 44 44 44 100 44 100 100 100 100 100 100 100 100 100 100 100 100 100 44 100 44 44 100 44 44 100 100 44 44 44 100 44 44 100 100 100 100 100 100 44 100 100 100 100 44 44 44 44 100 44 44 44 100 44 100 44 44 44 100 100 100 100 100 100 44 100 44 44 100 44 100 100 100 100 100 100 100 44 100 100 100 100 44 100 5


