# Created by Octave 5.2.0, Sat Jan 16 16:30:07 2021 CET <carloscobas@pop-os>
# name: err_mat
# type: matrix
# rows: 1
# columns: 3
 30 30 5.9


